0000000000000000000001
1111111111111111111111
1000000000000000000000
1111111111100000000000
0000000000011111111111
0000000111111100000000
1000000000000000000001
2343434578435698420243

0000000000000000000001
1111111111111111111111
1000000000000000000000
1111111111100000000000
0000000000011111111111
0000000111111100000000
1000000000000000000001
00000000000000000000011
1111111111111111111111
1000000000000000000000
1111111111100000000000
0000000000011111111111
0000000111111100000000
1000000000000000000001
2343434578435698420243
2343434578435698420243

0000000000000000000001
1111111111111111111111
1000000000000000000000
1111111111100000000000
0000000000011111111111
0000000111111100000000
1000000000000000000001
2343434578435698420243